>>> python .\lab01_hello.py --task=arrays
Python list: [0, 1, 2, 3, 4, 5, 6, 7, 8, 9]
Int array:   [0 1 2 3 4 5 6 7 8 9]
Float array: [0. 1. 2. 3. 4. 5. 6. 7. 8. 9.]
Zeros:       [0. 0. 0. 0. 0. 0. 0. 0. 0. 0.]
Ones:
[[1 1 1 1 1 1 1 1 1 1]
 [1 1 1 1 1 1 1 1 1 1]
 [1 1 1 1 1 1 1 1 1 1]
 [1 1 1 1 1 1 1 1 1 1]
 [1 1 1 1 1 1 1 1 1 1]]
Nones: [None None None None None None None None None None]
Arange array: [ 5  7  9 11 13 15 17 19 21 23]
Linspace array: [0.    0.125 0.25  0.375 0.5   0.625 0.75  0.875 1.   ]
Row coordinates:
[[0 0 0 0 0 0]
 [1 1 1 1 1 1]
 [2 2 2 2 2 2]
 [3 3 3 3 3 3]
 [4 4 4 4 4 4]]
Column coordinates:
[[0 1 2 3 4 5]
 [0 1 2 3 4 5]
 [0 1 2 3 4 5]
 [0 1 2 3 4 5]
 [0 1 2 3 4 5]]
Ascending array shape: (30,)
Ascending 1x30:
[ 0  1  2  3  4  5  6  7  8  9 10 11 12 13 14 15 16 17 18 19 20 21 22 23
 24 25 26 27 28 29]
Ascending 3x10:
[[ 0  1  2  3  4  5  6  7  8  9]
 [10 11 12 13 14 15 16 17 18 19]
 [20 21 22 23 24 25 26 27 28 29]]
Ascending 10x3:
[[ 0  1  2]
 [ 3  4  5]
 [ 6  7  8]
 [ 9 10 11]
 [12 13 14]
 [15 16 17]
 [18 19 20]
 [21 22 23]
 [24 25 26]
 [27 28 29]]
Ascending 2x3x5:
[[[ 0  1  2  3  4]
  [ 5  6  7  8  9]
  [10 11 12 13 14]]

 [[15 16 17 18 19]
  [20 21 22 23 24]
  [25 26 27 28 29]]]
Transposition of the 10x3 array:
[[ 0  3  6  9 12 15 18 21 24 27]
 [ 1  4  7 10 13 16 19 22 25 28]
 [ 2  5  8 11 14 17 20 23 26 29]]
==========================================================================================================
==========================================================================================================
==========================================================================================================
>>> python .\lab01_hello.py --task=functions
Source data:
[[  0.   1.   4.   9.  16.  25.]
 [ 36.  49.  64.  81. 100. 121.]
 [144. 169. 196. 225. 256. 289.]
 [324. 361. 400. 441. 484. 529.]
 [576. 625. 676. 729. 784. 841.]]
Maximum (Idx/Value): 29/841.0 and minimum (Idx/Value): 0/0.0
Column-wise maximum: [576. 625. 676. 729. 784. 841.]
Column-wise minimum: [ 0.  1.  4.  9. 16. 25.]
Column-wise mean: [216. 241. 268. 297. 328. 361.]
Column-wise median: [144. 169. 196. 225. 256. 289.]
Column-wise sum: [1080. 1205. 1340. 1485. 1640. 1805.]

X Data: [ 0.  1.  2.  6.  7. 13.]
Y Data: [0. 5. 2. 1. 3. 6.]
Result: [    3.   -118.5   -27.     99.   -119.5 -1199.5]
==========================================================================================================
==========================================================================================================
==========================================================================================================
>>> python .\lab01_hello.py --task=image
Image shape: (225, 225, 3)
